m=12
Distance=1645.25
Sigma=(0, 0, 0, 0, 0, 0, 0, 0, 0, 0, 0, 1)
Metrics=EdgeMetrics(distance=1645.247312455156, time=200.03029800740072, risk=8.53595584309258, fuel=564.2150341749427, cost=5342.870676116259)
